      1    1003
      1    1028
      1    1047
      1    1048
      1    1050
      1    1062
      1    1066
      1    1074
      1    1099
      1    1124
      1    1131
      1    1136
      1    1154
      1    1160
      1    1176
      1    1185
      1    1191
      1    1217
      1    1269
      1    1271
      1    1352
      1    1356
      1    1429
      1    1451
      1    1452
      1    1470
      1    1481
      1    1541
      1    1558
      1    1563
      1    1642
      1    1687
      1    1727
      1    1748
      1    1930
      1    1981
      1    1999
      1    2029
      1    2371
      1    2419
      1     252
      1     257
      1    2773
      1    2801
      1     282
      1    2982
      1     313
      1     314
      1     315
      1     327
      1     345
      1     349
      1     354
      1    3638
      1     366
      1     375
      1     378
      1     381
      1     382
      1    3820
      1     387
      1     388
      1     393
      1     397
      1     401
      1     406
      1     407
      1     409
      1     410
      1     413
      1     419
      1     423
      1     424
      1     426
      1     428
      1     430
      1     432
      1     433
      1     434
      1     435
      1     436
      1     437
      1     443
      1     444
      1     446
      1     449
      1     451
      1     456
      1     461
      1     463
      1     464
      1     465
      1     469
      1     470
      1     472
      1     475
      1     477
      1     482
      1     483
      1     485
      1     491
      1     492
      1     494
      1     496
      1     498
      1     499
      1     501
      1     503
      1     510
      1     516
      1     517
      1     518
      1     528
      1     529
      1     532
      1     533
      1     534
      1     535
      1     544
      1     549
      1     550
      1     553
      1     555
      1     558
      1     560
      1     562
      1     566
      1     567
      1     569
      1     570
      1     571
      1     574
      1     576
      1     577
      1     579
      1     580
      1     586
      1     591
      1     594
      1     595
      1     596
      1     602
      1     609
      1     610
      1     614
      1     619
      1     620
      1     622
      1     631
      1     632
      1     640
      1     642
      1     645
      1    6503
      1     652
      1     654
      1     661
      1     666
      1    6669
      1     672
      1     674
      1     683
      1     684
      1     687
      1     689
      1     694
      1     696
      1     705
      1     707
      1     708
      1     710
      1     711
      1     715
      1     724
      1     725
      1     726
      1     729
      1     733
      1     737
      1     741
      1     746
      1     748
      1     749
      1     751
      1     752
      1     759
      1     764
      1     781
      1     790
      1     798
      1     799
      1     813
      1     814
      1     818
      1     820
      1     826
      1     827
      1     829
      1     834
      1     838
      1     851
      1     854
      1     860
      1     863
      1     866
      1     868
      1     895
      1     909
      1     910
      1     923
      1     929
      1     940
      1     945
      1     948
      1     963
      1     968
      1     969
      1     976
      1     977
      1     991
      1     994
      2    1000
      2    1006
      2     245
      2     250
      2     261
      2     262
      2     267
      2     280
      2     290
      2     303
      2     305
      2     308
      2     309
      2     316
      2     321
      2     322
      2     324
      2     332
      2     339
      2     340
      2     348
      2     351
      2     357
      2     362
      2     367
      2     372
      2     379
      2     383
      2     384
      2     385
      2     389
      2     395
      2     405
      2     411
      2     414
      2     415
      2     417
      2     420
      2     427
      2     429
      2     438
      2     439
      2     440
      2     448
      2     450
      2     459
      2     460
      2     467
      2     474
      2     476
      2     484
      2     505
      2     511
      2     512
      2     524
      2     526
      2     530
      2     537
      2     540
      2     541
      2     542
      2     545
      2     568
      2     572
      2     587
      2     590
      2     613
      2     623
      2     636
      2     655
      2     656
      2     660
      2     685
      2     754
      2     776
      2     997
      3     212
      3     226
      3     242
      3     266
      3     269
      3     270
      3     272
      3     279
      3     284
      3     285
      3     286
      3     289
      3     294
      3     295
      3     297
      3     304
      3     306
      3     307
      3     311
      3     317
      3     319
      3     325
      3     328
      3     329
      3     331
      3     333
      3     334
      3     337
      3     338
      3     343
      3     346
      3     350
      3     353
      3     358
      3     364
      3     365
      3     370
      3     371
      3     376
      3     390
      3     391
      3     404
      3     453
      3     486
      3     497
      3     561
      3     960
      4     231
      4     263
      4     287
      4     288
      4     292
      4     298
      4     299
      4     302
      4     320
      4     326
      4     335
      4     342
      4     344
      4     347
      4     359
      4     360
      4     374
      4     398
      4     400
      4     422
      4     493
      5     225
      5     229
      5     232
      5     234
      5     239
      5     244
      5     251
      5     258
      5     260
      5     265
      5     293
      5     301
      5     318
      5     323
      5     356
      5     363
      5     368
      6     203
      6     204
      6     209
      6     220
      6     228
      6     230
      6     233
      6     236
      6     238
      6     241
      6     254
      6     264
      6     271
      6     273
      6     274
      6     275
      6     276
      6     277
      6     281
      6     296
      6     312
      6     399
      7     201
      7     202
      7     208
      7     218
      7     223
      7     227
      7     248
      7     249
      7     253
      7     291
      7     310
      8     185
      8     214
      8     215
      8     217
      8     235
      8     237
      8     246
      8     256
      8     268
      8     278
      8     283
      8     300
      9     207
      9     210
      9     213
      9     222
      9     224
      9     243
      9     255
      9     259
     10     187
     10     194
     10     206
     10     219
     11     173
     11     177
     11     196
     11     205
     12     166
     12     170
     12     171
     12     175
     12     178
     12     184
     12     188
     12     195
     12     240
     13     174
     13     176
     13     193
     14     154
     14     181
     14     182
     14     189
     14     197
     14     199
     14     211
     14     221
     15     165
     15     179
     15     186
     15     191
     16     183
     16     190
     16     216
     17     148
     17     168
     18     167
     18     172
     18     192
     18     200
     19     180
     19     198
     20     162
     20     164
     20     169
     22     140
     22     146
     22     153
     22     156
     22     161
     23     139
     23     150
     23     157
     23     159
     24     142
     24     151
     25     155
     25     158
     26     136
     26     163
     27     141
     27     149
     27     160
     28     147
     29     152
     30     129
     30     138
     31     131
     31     137
     32     145
     33     122
     33     132
     33     135
     34     128
     34     134
     34     144
     35     112
     35     133
     35     143
     37     121
     38     130
     39     115
     39     118
     41     116
     42     123
     42     125
     43     107
     43     124
     43     127
     44     119
     44     126
     46     105
     49     114
     51     117
     53     120
     54     102
     54     111
     54     113
     55     110
     61      96
     64     109
     65     106
     68      97
     70     103
     71      98
     71      99
     72     101
     74     104
     74     108
     76      95
     77      93
     83      89
     84      92
     85      87
     85      94
     87      91
     90     100
     94      85
     97      84
    102      86
    106      90
    108      88
    109      80
    114      83
    116      79
    118      81
    119      82
    120      78
    137      75
    141      77
    152      73
    158      74
    160      76
    165      69
    165      72
    166      68
    166      70
    182      71
    192      67
    196      66
    201      63
    202      64
    202      65
    226      62
    230      61
    246      58
    250      59
    257      57
    263      60
    271      56
    275      55
    297      54
    325      52
    327      53
    355      51
    390      50
    415      49
    437      48
    451      47
    481      45
    488      46
    493      44
    545      43
    563      41
    566      42
    659      38
    669      40
    688      39
    744      37
    764      35
    789      36
    916      34
    936      33
    993      32
   1014      31
   1138      30
   1173      29
   1304      28
   1410      27
   1541      26
   1579      25
   1865      24
   1896      23
   2060      22
   2199      21
   2747      19
   2783      20
   3065      18
   3254      17
   3881      16
   4367      15
   4708      14
   5009      13
   7058      12
   7124      11
   9949      10
  10738       9
  14658       8
  15804       7
  26310       6
  30293       5
  54635       4
  77043       3
 175229       2
